2160
0.0000 319.9955 0.0000
0.0000 315.0881 15.0000
0.0000 310.3795 30.0000
0.0000 310.5269 45.0000
0.0000 306.5769 60.0000
0.0000 306.1598 75.0000
0.0000 306.4160 90.0000
0.0000 303.6777 105.0000
0.0000 305.9709 120.0000
0.0000 303.3528 135.0000
0.0000 303.5886 150.0000
0.0000 299.8105 165.0000
0.0000 300.1270 180.0000
0.0000 301.2648 195.0000
0.0000 298.9920 210.0000
0.0000 298.2280 225.0000
0.0000 296.2968 240.0000
0.0000 293.2237 255.0000
0.0000 292.3085 270.0000
0.0000 289.9543 285.0000
0.0000 289.0008 300.0000
0.0000 286.2568 315.0000
0.0000 285.7230 330.0000
0.0000 281.3686 345.0000
0.0000 277.9061 360.0000
0.0000 271.8135 375.0000
0.0000 263.7766 390.0000
0.0000 251.8916 405.0000
0.0000 236.6943 420.0000
0.0000 223.9594 435.0000
0.0000 201.9684 450.0000
0.0000 208.9730 465.0000
0.0000 224.9296 480.0000
0.0000 244.8559 495.0000
0.0000 250.6286 510.0000
0.0000 258.2475 525.0000
0.0000 257.4940 540.0000
0.0000 258.2633 555.0000
0.0000 257.5150 570.0000
0.0000 257.1380 585.0000
15.0000 312.9567 0.0000
15.0000 307.1559 15.0000
15.0000 306.6643 30.0000
15.0000 305.8619 45.0000
15.0000 304.2147 60.0000
15.0000 304.9123 75.0000
15.0000 302.8184 90.0000
15.0000 298.2301 105.0000
15.0000 299.8181 120.0000
15.0000 299.5714 135.0000
15.0000 298.3941 150.0000
15.0000 294.4981 165.0000
15.0000 296.4267 180.0000
15.0000 296.8190 195.0000
15.0000 292.8009 210.0000
15.0000 292.4808 225.0000
15.0000 291.1080 240.0000
15.0000 291.2274 255.0000
15.0000 287.4751 270.0000
15.0000 286.4395 285.0000
15.0000 286.8398 300.0000
15.0000 284.3940 315.0000
15.0000 282.6031 330.0000
15.0000 278.7512 345.0000
15.0000 274.4742 360.0000
15.0000 268.7241 375.0000
15.0000 263.5660 390.0000
15.0000 254.1013 405.0000
15.0000 238.4989 420.0000
15.0000 228.2504 435.0000
15.0000 208.7394 450.0000
15.0000 188.8516 465.0000
15.0000 202.9129 480.0000
15.0000 214.4833 495.0000
15.0000 214.8827 510.0000
15.0000 231.8768 525.0000
15.0000 251.1168 540.0000
15.0000 254.2288 555.0000
15.0000 255.0896 570.0000
15.0000 251.2134 585.0000
30.0000 304.4090 0.0000
30.0000 300.9331 15.0000
30.0000 299.1032 30.0000
30.0000 300.7423 45.0000
30.0000 301.3568 60.0000
30.0000 297.3279 75.0000
30.0000 298.2401 90.0000
30.0000 297.3467 105.0000
30.0000 292.4638 120.0000
30.0000 295.4159 135.0000
30.0000 294.2443 150.0000
30.0000 293.6772 165.0000
30.0000 292.7356 180.0000
30.0000 292.4031 195.0000
30.0000 291.8969 210.0000
30.0000 290.1748 225.0000
30.0000 288.9767 240.0000
30.0000 286.8716 255.0000
30.0000 286.4187 270.0000
30.0000 285.1656 285.0000
30.0000 281.5890 300.0000
30.0000 282.4654 315.0000
30.0000 278.8450 330.0000
30.0000 274.3823 345.0000
30.0000 270.4005 360.0000
30.0000 265.4136 375.0000
30.0000 261.5916 390.0000
30.0000 252.6823 405.0000
30.0000 240.9625 420.0000
30.0000 227.3295 435.0000
30.0000 210.5130 450.0000
30.0000 190.2049 465.0000
30.0000 179.2369 480.0000
30.0000 185.9324 495.0000
30.0000 185.2667 510.0000
30.0000 199.8179 525.0000
30.0000 216.5749 540.0000
30.0000 241.5047 555.0000
30.0000 242.9109 570.0000
30.0000 244.1326 585.0000
45.0000 301.1487 0.0000
45.0000 300.4090 15.0000
45.0000 299.2341 30.0000
45.0000 297.6812 45.0000
45.0000 297.6301 60.0000
45.0000 296.9290 75.0000
45.0000 293.3908 90.0000
45.0000 292.7992 105.0000
45.0000 293.7513 120.0000
45.0000 293.3574 135.0000
45.0000 292.0256 150.0000
45.0000 290.9688 165.0000
45.0000 291.8355 180.0000
45.0000 290.2760 195.0000
45.0000 287.1863 210.0000
45.0000 288.1421 225.0000
45.0000 286.1547 240.0000
45.0000 284.3909 255.0000
45.0000 284.5686 270.0000
45.0000 280.8718 285.0000
45.0000 277.6300 300.0000
45.0000 278.1456 315.0000
45.0000 273.7921 330.0000
45.0000 271.1660 345.0000
45.0000 266.1940 360.0000
45.0000 263.4786 375.0000
45.0000 257.5708 390.0000
45.0000 247.5974 405.0000
45.0000 232.7959 420.0000
45.0000 217.6186 435.0000
45.0000 206.3364 450.0000
45.0000 195.3068 465.0000
45.0000 180.7440 480.0000
45.0000 152.2599 495.0000
45.0000 158.4255 510.0000
45.0000 174.2894 525.0000
45.0000 190.1818 540.0000
45.0000 203.5223 555.0000
45.0000 217.0800 570.0000
45.0000 231.0613 585.0000
60.0000 294.9558 0.0000
60.0000 297.9233 15.0000
60.0000 295.5515 30.0000
60.0000 296.5853 45.0000
60.0000 293.7392 60.0000
60.0000 293.8112 75.0000
60.0000 293.7302 90.0000
60.0000 291.0525 105.0000
60.0000 292.0395 120.0000
60.0000 289.3793 135.0000
60.0000 288.8503 150.0000
60.0000 288.9977 165.0000
60.0000 287.2975 180.0000
60.0000 285.2159 195.0000
60.0000 285.5733 210.0000
60.0000 282.1072 225.0000
60.0000 280.2967 240.0000
60.0000 281.2603 255.0000
60.0000 278.3212 270.0000
60.0000 277.3622 285.0000
60.0000 275.7473 300.0000
60.0000 271.6386 315.0000
60.0000 270.2750 330.0000
60.0000 267.0190 345.0000
60.0000 264.4352 360.0000
60.0000 260.2271 375.0000
60.0000 254.8673 390.0000
60.0000 243.9527 405.0000
60.0000 224.3189 420.0000
60.0000 205.9414 435.0000
60.0000 192.9196 450.0000
60.0000 179.6503 465.0000
60.0000 166.5421 480.0000
60.0000 150.1138 495.0000
60.0000 148.2441 510.0000
60.0000 165.2039 525.0000
60.0000 170.3528 540.0000
60.0000 188.4664 555.0000
60.0000 201.8778 570.0000
60.0000 211.8890 585.0000
75.0000 296.5945 0.0000
75.0000 293.1842 15.0000
75.0000 291.9602 30.0000
75.0000 291.9138 45.0000
75.0000 291.1087 60.0000
75.0000 291.6323 75.0000
75.0000 288.0638 90.0000
75.0000 288.9024 105.0000
75.0000 286.3832 120.0000
75.0000 286.5184 135.0000
75.0000 285.7720 150.0000
75.0000 284.6191 165.0000
75.0000 283.1765 180.0000
75.0000 281.5761 195.0000
75.0000 281.3333 210.0000
75.0000 277.6740 225.0000
75.0000 278.7416 240.0000
75.0000 273.5632 255.0000
75.0000 273.0629 270.0000
75.0000 270.6056 285.0000
75.0000 269.5950 300.0000
75.0000 267.8849 315.0000
75.0000 264.3875 330.0000
75.0000 263.6395 345.0000
75.0000 260.9053 360.0000
75.0000 257.0796 375.0000
75.0000 251.9956 390.0000
75.0000 244.8543 405.0000
75.0000 233.0130 420.0000
75.0000 211.0012 435.0000
75.0000 196.7883 450.0000
75.0000 179.6586 465.0000
75.0000 162.9077 480.0000
75.0000 150.4140 495.0000
75.0000 148.5118 510.0000
75.0000 159.0209 525.0000
75.0000 168.7836 540.0000
75.0000 177.6076 555.0000
75.0000 194.7573 570.0000
75.0000 203.1719 585.0000
90.0000 289.9148 0.0000
90.0000 289.5829 15.0000
90.0000 287.7087 30.0000
90.0000 288.8427 45.0000
90.0000 287.2683 60.0000
90.0000 286.5855 75.0000
90.0000 285.7658 90.0000
90.0000 284.2108 105.0000
90.0000 283.6669 120.0000
90.0000 281.1472 135.0000
90.0000 280.3478 150.0000
90.0000 278.0674 165.0000
90.0000 277.6536 180.0000
90.0000 275.0763 195.0000
90.0000 273.4534 210.0000
90.0000 274.9044 225.0000
90.0000 272.7686 240.0000
90.0000 270.0862 255.0000
90.0000 270.0475 270.0000
90.0000 268.4048 285.0000
90.0000 262.4739 300.0000
90.0000 262.0503 315.0000
90.0000 259.6526 330.0000
90.0000 254.5810 345.0000
90.0000 253.5398 360.0000
90.0000 252.6471 375.0000
90.0000 246.8901 390.0000
90.0000 239.7998 405.0000
90.0000 233.2053 420.0000
90.0000 220.1119 435.0000
90.0000 203.7749 450.0000
90.0000 185.2566 465.0000
90.0000 156.0130 480.0000
90.0000 142.6463 495.0000
90.0000 138.5068 510.0000
90.0000 148.8577 525.0000
90.0000 160.0094 540.0000
90.0000 171.5025 555.0000
90.0000 183.2538 570.0000
90.0000 190.7929 585.0000
105.0000 285.0418 0.0000
105.0000 282.3863 15.0000
105.0000 283.2542 30.0000
105.0000 281.7441 45.0000
105.0000 280.6383 60.0000
105.0000 279.2068 75.0000
105.0000 278.3071 90.0000
105.0000 278.7261 105.0000
105.0000 277.8357 120.0000
105.0000 279.5746 135.0000
105.0000 274.2479 150.0000
105.0000 274.6577 165.0000
105.0000 273.2833 180.0000
105.0000 269.9842 195.0000
105.0000 272.4006 210.0000
105.0000 270.4221 225.0000
105.0000 271.2437 240.0000
105.0000 269.2102 255.0000
105.0000 265.8143 270.0000
105.0000 263.3509 285.0000
105.0000 260.4002 300.0000
105.0000 253.6183 315.0000
105.0000 253.3951 330.0000
105.0000 251.1005 345.0000
105.0000 247.3331 360.0000
105.0000 243.7382 375.0000
105.0000 238.9245 390.0000
105.0000 234.6430 405.0000
105.0000 226.9072 420.0000
105.0000 216.2237 435.0000
105.0000 198.6885 450.0000
105.0000 169.9819 465.0000
105.0000 154.7908 480.0000
105.0000 142.3307 495.0000
105.0000 130.9135 510.0000
105.0000 136.8723 525.0000
105.0000 146.6392 540.0000
105.0000 158.3450 555.0000
105.0000 170.5901 570.0000
105.0000 179.8195 585.0000
120.0000 279.1505 0.0000
120.0000 277.6023 15.0000
120.0000 277.5159 30.0000
120.0000 279.6208 45.0000
120.0000 275.7307 60.0000
120.0000 277.0064 75.0000
120.0000 273.4315 90.0000
120.0000 274.4518 105.0000
120.0000 274.5287 120.0000
120.0000 273.0286 135.0000
120.0000 271.8086 150.0000
120.0000 269.3289 165.0000
120.0000 270.3648 180.0000
120.0000 267.8344 195.0000
120.0000 266.0140 210.0000
120.0000 266.4565 225.0000
120.0000 263.2813 240.0000
120.0000 260.5322 255.0000
120.0000 256.8009 270.0000
120.0000 252.3244 285.0000
120.0000 248.6212 300.0000
120.0000 245.1637 315.0000
120.0000 245.1123 330.0000
120.0000 240.8540 345.0000
120.0000 238.4263 360.0000
120.0000 235.2381 375.0000
120.0000 232.0596 390.0000
120.0000 222.2222 405.0000
120.0000 203.9173 420.0000
120.0000 192.2735 435.0000
120.0000 179.4034 450.0000
120.0000 164.8042 465.0000
120.0000 152.3966 480.0000
120.0000 142.0325 495.0000
120.0000 128.7123 510.0000
120.0000 130.4273 525.0000
120.0000 140.9279 540.0000
120.0000 150.0536 555.0000
120.0000 160.2551 570.0000
120.0000 165.3150 585.0000
135.0000 275.7044 0.0000
135.0000 274.4109 15.0000
135.0000 276.2383 30.0000
135.0000 272.4981 45.0000
135.0000 271.4471 60.0000
135.0000 272.4516 75.0000
135.0000 273.5348 90.0000
135.0000 272.3857 105.0000
135.0000 269.4834 120.0000
135.0000 267.7902 135.0000
135.0000 266.1999 150.0000
135.0000 262.4335 165.0000
135.0000 261.2299 180.0000
135.0000 261.3519 195.0000
135.0000 259.4571 210.0000
135.0000 257.5452 225.0000
135.0000 255.8656 240.0000
135.0000 251.0079 255.0000
135.0000 249.6886 270.0000
135.0000 246.0056 285.0000
135.0000 241.1690 300.0000
135.0000 238.4937 315.0000
135.0000 237.4266 330.0000
135.0000 235.7393 345.0000
135.0000 233.8175 360.0000
135.0000 229.4120 375.0000
135.0000 224.3764 390.0000
135.0000 216.6705 405.0000
135.0000 206.3324 420.0000
135.0000 190.0930 435.0000
135.0000 171.1327 450.0000
135.0000 159.2994 465.0000
135.0000 146.7883 480.0000
135.0000 136.1955 495.0000
135.0000 122.7421 510.0000
135.0000 124.0137 525.0000
135.0000 131.3196 540.0000
135.0000 141.8953 555.0000
135.0000 149.9105 570.0000
135.0000 151.8261 585.0000
150.0000 272.9754 0.0000
150.0000 270.5029 15.0000
150.0000 268.5106 30.0000
150.0000 271.1765 45.0000
150.0000 267.7571 60.0000
150.0000 269.5234 75.0000
150.0000 266.2169 90.0000
150.0000 263.5778 105.0000
150.0000 263.3392 120.0000
150.0000 261.3984 135.0000
150.0000 259.7744 150.0000
150.0000 256.3469 165.0000
150.0000 255.7743 180.0000
150.0000 253.5836 195.0000
150.0000 249.7652 210.0000
150.0000 248.8562 225.0000
150.0000 249.1159 240.0000
150.0000 245.3667 255.0000
150.0000 244.2184 270.0000
150.0000 238.6748 285.0000
150.0000 234.3335 300.0000
150.0000 235.8221 315.0000
150.0000 234.3653 330.0000
150.0000 232.3171 345.0000
150.0000 228.0009 360.0000
150.0000 224.1265 375.0000
150.0000 216.5674 390.0000
150.0000 209.5520 405.0000
150.0000 200.0593 420.0000
150.0000 185.7878 435.0000
150.0000 164.2236 450.0000
150.0000 153.8629 465.0000
150.0000 144.4745 480.0000
150.0000 127.3089 495.0000
150.0000 118.4463 510.0000
150.0000 116.6059 525.0000
150.0000 122.6082 540.0000
150.0000 131.2501 555.0000
150.0000 135.7752 570.0000
150.0000 139.1156 585.0000
165.0000 268.4889 0.0000
165.0000 267.4568 15.0000
165.0000 266.6678 30.0000
165.0000 262.9259 45.0000
165.0000 264.3655 60.0000
165.0000 263.5089 75.0000
165.0000 261.1037 90.0000
165.0000 260.4820 105.0000
165.0000 259.6496 120.0000
165.0000 255.7742 135.0000
165.0000 251.9883 150.0000
165.0000 252.0836 165.0000
165.0000 249.9044 180.0000
165.0000 247.4925 195.0000
165.0000 245.5781 210.0000
165.0000 241.7620 225.0000
165.0000 242.6972 240.0000
165.0000 241.0807 255.0000
165.0000 237.2967 270.0000
165.0000 236.3939 285.0000
165.0000 234.3386 300.0000
165.0000 231.3102 315.0000
165.0000 229.5499 330.0000
165.0000 226.0104 345.0000
165.0000 222.8398 360.0000
165.0000 217.2164 375.0000
165.0000 209.6557 390.0000
165.0000 200.9208 405.0000
165.0000 186.7624 420.0000
165.0000 172.9688 435.0000
165.0000 159.8242 450.0000
165.0000 146.9254 465.0000
165.0000 136.5769 480.0000
165.0000 125.6818 495.0000
165.0000 116.7720 510.0000
165.0000 104.4835 525.0000
165.0000 112.6460 540.0000
165.0000 119.6546 555.0000
165.0000 123.9792 570.0000
165.0000 131.9644 585.0000
180.0000 264.1461 0.0000
180.0000 261.1142 15.0000
180.0000 262.0068 30.0000
180.0000 258.6879 45.0000
180.0000 259.9654 60.0000
180.0000 257.5226 75.0000
180.0000 254.8376 90.0000
180.0000 251.3588 105.0000
180.0000 249.4143 120.0000
180.0000 246.7052 135.0000
180.0000 247.4880 150.0000
180.0000 242.9726 165.0000
180.0000 240.5943 180.0000
180.0000 239.8405 195.0000
180.0000 237.2679 210.0000
180.0000 236.7310 225.0000
180.0000 236.1413 240.0000
180.0000 235.5461 255.0000
180.0000 233.4814 270.0000
180.0000 231.4675 285.0000
180.0000 230.9454 300.0000
180.0000 227.9288 315.0000
180.0000 225.0829 330.0000
180.0000 221.1602 345.0000
180.0000 216.7509 360.0000
180.0000 210.8757 375.0000
180.0000 205.1934 390.0000
180.0000 193.4461 405.0000
180.0000 178.5355 420.0000
180.0000 163.3259 435.0000
180.0000 153.4025 450.0000
180.0000 139.7740 465.0000
180.0000 129.9934 480.0000
180.0000 117.9157 495.0000
180.0000 107.7474 510.0000
180.0000 96.3220 525.0000
180.0000 102.7998 540.0000
180.0000 113.4247 555.0000
180.0000 116.0776 570.0000
180.0000 120.4562 585.0000
195.0000 259.0942 0.0000
195.0000 258.9998 15.0000
195.0000 253.6748 30.0000
195.0000 251.5996 45.0000
195.0000 250.6729 60.0000
195.0000 248.8368 75.0000
195.0000 246.7492 90.0000
195.0000 244.5303 105.0000
195.0000 242.6247 120.0000
195.0000 239.8565 135.0000
195.0000 235.4360 150.0000
195.0000 235.4223 165.0000
195.0000 229.4356 180.0000
195.0000 228.4528 195.0000
195.0000 230.6781 210.0000
195.0000 226.0134 225.0000
195.0000 228.5366 240.0000
195.0000 226.7921 255.0000
195.0000 227.2297 270.0000
195.0000 225.8849 285.0000
195.0000 222.0956 300.0000
195.0000 222.6560 315.0000
195.0000 218.0777 330.0000
195.0000 215.5495 345.0000
195.0000 210.4897 360.0000
195.0000 205.4206 375.0000
195.0000 197.7347 390.0000
195.0000 188.5656 405.0000
195.0000 171.5421 420.0000
195.0000 158.4134 435.0000
195.0000 151.5110 450.0000
195.0000 138.3003 465.0000
195.0000 127.3358 480.0000
195.0000 117.1417 495.0000
195.0000 104.3669 510.0000
195.0000 91.9045 525.0000
195.0000 97.2040 540.0000
195.0000 102.5178 555.0000
195.0000 107.5149 570.0000
195.0000 112.2818 585.0000
210.0000 250.9501 0.0000
210.0000 250.1114 15.0000
210.0000 247.3248 30.0000
210.0000 244.4633 45.0000
210.0000 240.5659 60.0000
210.0000 238.0925 75.0000
210.0000 237.7596 90.0000
210.0000 237.7964 105.0000
210.0000 232.6877 120.0000
210.0000 230.3513 135.0000
210.0000 226.6776 150.0000
210.0000 224.3699 165.0000
210.0000 223.3287 180.0000
210.0000 220.5132 195.0000
210.0000 218.1541 210.0000
210.0000 215.2733 225.0000
210.0000 214.6350 240.0000
210.0000 214.8859 255.0000
210.0000 215.8519 270.0000
210.0000 216.0008 285.0000
210.0000 214.6868 300.0000
210.0000 213.3280 315.0000
210.0000 211.5050 330.0000
210.0000 207.8578 345.0000
210.0000 201.7570 360.0000
210.0000 197.7235 375.0000
210.0000 188.9859 390.0000
210.0000 177.7882 405.0000
210.0000 163.9115 420.0000
210.0000 155.7233 435.0000
210.0000 146.8869 450.0000
210.0000 135.5683 465.0000
210.0000 125.3849 480.0000
210.0000 109.9818 495.0000
210.0000 101.7595 510.0000
210.0000 88.3525 525.0000
210.0000 89.9877 540.0000
210.0000 96.4790 555.0000
210.0000 100.8987 570.0000
210.0000 102.6341 585.0000
225.0000 238.5384 0.0000
225.0000 239.2778 15.0000
225.0000 236.5489 30.0000
225.0000 237.9375 45.0000
225.0000 234.6730 60.0000
225.0000 231.9703 75.0000
225.0000 229.5895 90.0000
225.0000 228.8026 105.0000
225.0000 223.0124 120.0000
225.0000 218.6815 135.0000
225.0000 217.4040 150.0000
225.0000 215.9180 165.0000
225.0000 215.1251 180.0000
225.0000 208.1064 195.0000
225.0000 206.3316 210.0000
225.0000 205.0656 225.0000
225.0000 206.5111 240.0000
225.0000 207.7977 255.0000
225.0000 200.6828 270.0000
225.0000 205.2750 285.0000
225.0000 207.2493 300.0000
225.0000 201.8566 315.0000
225.0000 199.1014 330.0000
225.0000 196.2462 345.0000
225.0000 195.0459 360.0000
225.0000 185.1927 375.0000
225.0000 180.5762 390.0000
225.0000 165.6290 405.0000
225.0000 153.7300 420.0000
225.0000 149.2098 435.0000
225.0000 138.2379 450.0000
225.0000 131.7509 465.0000
225.0000 115.0257 480.0000
225.0000 104.4090 495.0000
225.0000 97.1459 510.0000
225.0000 86.5677 525.0000
225.0000 83.0174 540.0000
225.0000 85.8096 555.0000
225.0000 90.6827 570.0000
225.0000 96.1712 585.0000
240.0000 232.6697 0.0000
240.0000 230.4065 15.0000
240.0000 227.0645 30.0000
240.0000 225.3470 45.0000
240.0000 222.7532 60.0000
240.0000 221.8076 75.0000
240.0000 220.5635 90.0000
240.0000 217.7339 105.0000
240.0000 212.9635 120.0000
240.0000 210.8850 135.0000
240.0000 206.6989 150.0000
240.0000 203.3682 165.0000
240.0000 200.4064 180.0000
240.0000 199.5251 195.0000
240.0000 195.8756 210.0000
240.0000 195.0056 225.0000
240.0000 194.7514 240.0000
240.0000 189.9453 255.0000
240.0000 189.4364 270.0000
240.0000 188.9154 285.0000
240.0000 189.7579 300.0000
240.0000 187.0514 315.0000
240.0000 186.1747 330.0000
240.0000 182.9322 345.0000
240.0000 179.0916 360.0000
240.0000 172.4170 375.0000
240.0000 165.3912 390.0000
240.0000 157.8518 405.0000
240.0000 150.5246 420.0000
240.0000 142.4676 435.0000
240.0000 134.3096 450.0000
240.0000 120.6786 465.0000
240.0000 107.9868 480.0000
240.0000 99.5329 495.0000
240.0000 93.5703 510.0000
240.0000 82.6053 525.0000
240.0000 82.1288 540.0000
240.0000 79.3211 555.0000
240.0000 81.8124 570.0000
240.0000 88.0707 585.0000
255.0000 226.2522 0.0000
255.0000 224.5064 15.0000
255.0000 223.0527 30.0000
255.0000 217.3614 45.0000
255.0000 215.5773 60.0000
255.0000 213.5956 75.0000
255.0000 211.1558 90.0000
255.0000 206.5992 105.0000
255.0000 200.8849 120.0000
255.0000 196.5103 135.0000
255.0000 194.2506 150.0000
255.0000 191.5386 165.0000
255.0000 190.9150 180.0000
255.0000 188.8743 195.0000
255.0000 182.4033 210.0000
255.0000 180.1839 225.0000
255.0000 180.4604 240.0000
255.0000 181.1866 255.0000
255.0000 178.8133 270.0000
255.0000 176.9746 285.0000
255.0000 176.6687 300.0000
255.0000 172.4796 315.0000
255.0000 167.4824 330.0000
255.0000 171.0484 345.0000
255.0000 169.3760 360.0000
255.0000 163.1251 375.0000
255.0000 157.9233 390.0000
255.0000 151.9312 405.0000
255.0000 140.8484 420.0000
255.0000 135.7063 435.0000
255.0000 127.6661 450.0000
255.0000 113.4422 465.0000
255.0000 102.8510 480.0000
255.0000 95.3707 495.0000
255.0000 90.8478 510.0000
255.0000 79.5963 525.0000
255.0000 78.3004 540.0000
255.0000 74.2217 555.0000
255.0000 76.2712 570.0000
255.0000 77.8792 585.0000
270.0000 216.2951 0.0000
270.0000 213.0111 15.0000
270.0000 213.8175 30.0000
270.0000 212.2396 45.0000
270.0000 207.2789 60.0000
270.0000 202.0476 75.0000
270.0000 196.8430 90.0000
270.0000 195.1384 105.0000
270.0000 193.2210 120.0000
270.0000 188.2670 135.0000
270.0000 183.3623 150.0000
270.0000 181.2029 165.0000
270.0000 180.1353 180.0000
270.0000 174.7316 195.0000
270.0000 174.0901 210.0000
270.0000 171.3482 225.0000
270.0000 171.0919 240.0000
270.0000 169.9250 255.0000
270.0000 164.9692 270.0000
270.0000 162.6335 285.0000
270.0000 160.4364 300.0000
270.0000 158.8210 315.0000
270.0000 158.8273 330.0000
270.0000 157.9592 345.0000
270.0000 159.8749 360.0000
270.0000 154.6979 375.0000
270.0000 145.5957 390.0000
270.0000 140.3703 405.0000
270.0000 134.9550 420.0000
270.0000 126.4578 435.0000
270.0000 115.3533 450.0000
270.0000 107.7560 465.0000
270.0000 97.9151 480.0000
270.0000 93.5104 495.0000
270.0000 87.0531 510.0000
270.0000 76.7387 525.0000
270.0000 75.2257 540.0000
270.0000 73.0844 555.0000
270.0000 72.2424 570.0000
270.0000 73.0421 585.0000
285.0000 205.3628 0.0000
285.0000 204.7488 15.0000
285.0000 203.5000 30.0000
285.0000 199.1013 45.0000
285.0000 197.8454 60.0000
285.0000 192.0581 75.0000
285.0000 188.2299 90.0000
285.0000 183.1232 105.0000
285.0000 181.7816 120.0000
285.0000 179.6388 135.0000
285.0000 174.3323 150.0000
285.0000 171.1679 165.0000
285.0000 167.3752 180.0000
285.0000 165.1210 195.0000
285.0000 160.5477 210.0000
285.0000 159.8621 225.0000
285.0000 161.1567 240.0000
285.0000 157.6292 255.0000
285.0000 157.4493 270.0000
285.0000 157.1492 285.0000
285.0000 153.7333 300.0000
285.0000 154.3025 315.0000
285.0000 152.9329 330.0000
285.0000 153.6236 345.0000
285.0000 149.3940 360.0000
285.0000 143.7412 375.0000
285.0000 138.2259 390.0000
285.0000 134.5663 405.0000
285.0000 125.8743 420.0000
285.0000 118.7238 435.0000
285.0000 110.8930 450.0000
285.0000 101.3374 465.0000
285.0000 92.9863 480.0000
285.0000 90.9034 495.0000
285.0000 84.4588 510.0000
285.0000 73.3334 525.0000
285.0000 72.9776 540.0000
285.0000 69.4119 555.0000
285.0000 69.4856 570.0000
285.0000 72.7489 585.0000
300.0000 195.5485 0.0000
300.0000 192.8707 15.0000
300.0000 190.7238 30.0000
300.0000 187.8871 45.0000
300.0000 185.9733 60.0000
300.0000 181.8131 75.0000
300.0000 176.4399 90.0000
300.0000 169.5606 105.0000
300.0000 168.4710 120.0000
300.0000 163.0630 135.0000
300.0000 164.3451 150.0000
300.0000 163.9615 165.0000
300.0000 164.8377 180.0000
300.0000 161.6431 195.0000
300.0000 161.6206 210.0000
300.0000 160.7943 225.0000
300.0000 158.8713 240.0000
300.0000 155.6940 255.0000
300.0000 153.4341 270.0000
300.0000 152.6220 285.0000
300.0000 150.3030 300.0000
300.0000 147.0912 315.0000
300.0000 145.1652 330.0000
300.0000 145.1301 345.0000
300.0000 141.8866 360.0000
300.0000 139.2421 375.0000
300.0000 133.2080 390.0000
300.0000 126.2570 405.0000
300.0000 117.8569 420.0000
300.0000 111.8250 435.0000
300.0000 104.8885 450.0000
300.0000 96.0844 465.0000
300.0000 91.2114 480.0000
300.0000 85.9718 495.0000
300.0000 80.2604 510.0000
300.0000 71.7848 525.0000
300.0000 70.1213 540.0000
300.0000 68.3137 555.0000
300.0000 66.9210 570.0000
300.0000 72.7345 585.0000
315.0000 184.8162 0.0000
315.0000 181.6642 15.0000
315.0000 178.8451 30.0000
315.0000 173.2474 45.0000
315.0000 167.6351 60.0000
315.0000 164.8101 75.0000
315.0000 161.9786 90.0000
315.0000 158.9971 105.0000
315.0000 160.8883 120.0000
315.0000 159.2906 135.0000
315.0000 159.7576 150.0000
315.0000 159.9262 165.0000
315.0000 159.0135 180.0000
315.0000 157.6209 195.0000
315.0000 154.8441 210.0000
315.0000 153.1380 225.0000
315.0000 150.0247 240.0000
315.0000 148.6018 255.0000
315.0000 147.6185 270.0000
315.0000 146.6164 285.0000
315.0000 145.2407 300.0000
315.0000 142.5180 315.0000
315.0000 139.2815 330.0000
315.0000 139.1461 345.0000
315.0000 136.5577 360.0000
315.0000 131.1074 375.0000
315.0000 123.3942 390.0000
315.0000 116.8761 405.0000
315.0000 111.4025 420.0000
315.0000 105.8123 435.0000
315.0000 98.8248 450.0000
315.0000 93.6871 465.0000
315.0000 88.5268 480.0000
315.0000 80.5875 495.0000
315.0000 72.8106 510.0000
315.0000 67.8051 525.0000
315.0000 67.6102 540.0000
315.0000 68.9483 555.0000
315.0000 66.6698 570.0000
315.0000 71.5705 585.0000
330.0000 169.3873 0.0000
330.0000 168.7572 15.0000
330.0000 164.5459 30.0000
330.0000 164.6306 45.0000
330.0000 162.6066 60.0000
330.0000 160.6136 75.0000
330.0000 159.1382 90.0000
330.0000 156.0434 105.0000
330.0000 156.2796 120.0000
330.0000 154.3846 135.0000
330.0000 153.6150 150.0000
330.0000 153.3490 165.0000
330.0000 151.3426 180.0000
330.0000 148.8584 195.0000
330.0000 144.5890 210.0000
330.0000 147.0655 225.0000
330.0000 146.2504 240.0000
330.0000 143.1371 255.0000
330.0000 143.3474 270.0000
330.0000 143.4983 285.0000
330.0000 141.1082 300.0000
330.0000 137.3349 315.0000
330.0000 131.9185 330.0000
330.0000 131.2601 345.0000
330.0000 126.8588 360.0000
330.0000 122.4004 375.0000
330.0000 116.7636 390.0000
330.0000 110.2725 405.0000
330.0000 105.9043 420.0000
330.0000 102.5575 435.0000
330.0000 95.7628 450.0000
330.0000 89.5626 465.0000
330.0000 80.1692 480.0000
330.0000 73.9656 495.0000
330.0000 67.6292 510.0000
330.0000 65.8341 525.0000
330.0000 68.2512 540.0000
330.0000 64.9771 555.0000
330.0000 63.7881 570.0000
330.0000 58.9464 585.0000
345.0000 165.8998 0.0000
345.0000 163.5606 15.0000
345.0000 161.8470 30.0000
345.0000 159.8609 45.0000
345.0000 159.9392 60.0000
345.0000 157.8088 75.0000
345.0000 154.9449 90.0000
345.0000 151.9487 105.0000
345.0000 149.1808 120.0000
345.0000 147.1032 135.0000
345.0000 148.1138 150.0000
345.0000 146.0694 165.0000
345.0000 143.8907 180.0000
345.0000 143.3846 195.0000
345.0000 144.4306 210.0000
345.0000 143.3859 225.0000
345.0000 141.5670 240.0000
345.0000 139.1082 255.0000
345.0000 138.3715 270.0000
345.0000 137.2391 285.0000
345.0000 135.4654 300.0000
345.0000 130.1902 315.0000
345.0000 125.7897 330.0000
345.0000 123.9469 345.0000
345.0000 120.3380 360.0000
345.0000 115.4532 375.0000
345.0000 108.8468 390.0000
345.0000 105.4474 405.0000
345.0000 102.5411 420.0000
345.0000 98.7919 435.0000
345.0000 91.6512 450.0000
345.0000 81.7148 465.0000
345.0000 74.0473 480.0000
345.0000 69.0126 495.0000
345.0000 64.1678 510.0000
345.0000 62.8672 525.0000
345.0000 60.7711 540.0000
345.0000 61.9373 555.0000
345.0000 63.0844 570.0000
345.0000 58.2560 585.0000
360.0000 157.8011 0.0000
360.0000 155.9421 15.0000
360.0000 154.0985 30.0000
360.0000 153.3460 45.0000
360.0000 151.0878 60.0000
360.0000 152.4565 75.0000
360.0000 148.2333 90.0000
360.0000 147.7024 105.0000
360.0000 141.6739 120.0000
360.0000 141.6268 135.0000
360.0000 141.1605 150.0000
360.0000 140.7297 165.0000
360.0000 138.2269 180.0000
360.0000 136.1366 195.0000
360.0000 136.3911 210.0000
360.0000 135.2249 225.0000
360.0000 133.5835 240.0000
360.0000 131.2507 255.0000
360.0000 130.9679 270.0000
360.0000 129.6042 285.0000
360.0000 127.7392 300.0000
360.0000 123.9233 315.0000
360.0000 120.7874 330.0000
360.0000 116.7385 345.0000
360.0000 113.8541 360.0000
360.0000 108.9418 375.0000
360.0000 108.4237 390.0000
360.0000 103.0427 405.0000
360.0000 98.5863 420.0000
360.0000 92.7961 435.0000
360.0000 82.6904 450.0000
360.0000 75.0427 465.0000
360.0000 70.8184 480.0000
360.0000 64.9155 495.0000
360.0000 61.1319 510.0000
360.0000 57.8729 525.0000
360.0000 57.7604 540.0000
360.0000 58.9696 555.0000
360.0000 60.3683 570.0000
360.0000 57.8628 585.0000
375.0000 150.9373 0.0000
375.0000 149.1907 15.0000
375.0000 150.5255 30.0000
375.0000 148.1051 45.0000
375.0000 145.3813 60.0000
375.0000 143.0509 75.0000
375.0000 142.3713 90.0000
375.0000 138.9636 105.0000
375.0000 134.2698 120.0000
375.0000 133.3319 135.0000
375.0000 132.0149 150.0000
375.0000 131.3379 165.0000
375.0000 129.4408 180.0000
375.0000 129.3666 195.0000
375.0000 127.1028 210.0000
375.0000 126.7169 225.0000
375.0000 126.2743 240.0000
375.0000 125.6347 255.0000
375.0000 125.0248 270.0000
375.0000 121.5327 285.0000
375.0000 119.9574 300.0000
375.0000 115.6369 315.0000
375.0000 113.7551 330.0000
375.0000 110.5588 345.0000
375.0000 107.7099 360.0000
375.0000 104.1160 375.0000
375.0000 102.0450 390.0000
375.0000 97.1710 405.0000
375.0000 92.6486 420.0000
375.0000 85.5395 435.0000
375.0000 78.0664 450.0000
375.0000 70.3188 465.0000
375.0000 65.8611 480.0000
375.0000 61.0211 495.0000
375.0000 56.1031 510.0000
375.0000 53.3339 525.0000
375.0000 54.6839 540.0000
375.0000 58.7493 555.0000
375.0000 55.0402 570.0000
375.0000 57.1440 585.0000
390.0000 141.2417 0.0000
390.0000 140.2579 15.0000
390.0000 139.5746 30.0000
390.0000 137.5931 45.0000
390.0000 135.3958 60.0000
390.0000 134.7450 75.0000
390.0000 131.8047 90.0000
390.0000 127.4383 105.0000
390.0000 129.4140 120.0000
390.0000 127.0022 135.0000
390.0000 125.9377 150.0000
390.0000 126.6111 165.0000
390.0000 120.9880 180.0000
390.0000 119.8084 195.0000
390.0000 120.6220 210.0000
390.0000 120.7081 225.0000
390.0000 119.0727 240.0000
390.0000 118.7197 255.0000
390.0000 119.3254 270.0000
390.0000 115.8547 285.0000
390.0000 114.2852 300.0000
390.0000 111.1277 315.0000
390.0000 107.2662 330.0000
390.0000 105.3718 345.0000
390.0000 104.3368 360.0000
390.0000 100.3587 375.0000
390.0000 97.1161 390.0000
390.0000 94.3042 405.0000
390.0000 88.2044 420.0000
390.0000 80.0530 435.0000
390.0000 73.0155 450.0000
390.0000 65.7808 465.0000
390.0000 59.0640 480.0000
390.0000 54.5625 495.0000
390.0000 49.9302 510.0000
390.0000 51.0196 525.0000
390.0000 53.7144 540.0000
390.0000 53.8435 555.0000
390.0000 55.7556 570.0000
390.0000 55.7407 585.0000
405.0000 136.3891 0.0000
405.0000 132.7886 15.0000
405.0000 130.7225 30.0000
405.0000 129.9560 45.0000
405.0000 128.1514 60.0000
405.0000 126.3841 75.0000
405.0000 123.8342 90.0000
405.0000 122.2494 105.0000
405.0000 121.4564 120.0000
405.0000 119.5772 135.0000
405.0000 120.3798 150.0000
405.0000 121.6703 165.0000
405.0000 120.6231 180.0000
405.0000 116.5365 195.0000
405.0000 117.2341 210.0000
405.0000 116.7656 225.0000
405.0000 116.0568 240.0000
405.0000 117.1316 255.0000
405.0000 113.9155 270.0000
405.0000 111.1946 285.0000
405.0000 108.4059 300.0000
405.0000 106.4047 315.0000
405.0000 105.5223 330.0000
405.0000 102.5436 345.0000
405.0000 99.3165 360.0000
405.0000 94.7010 375.0000
405.0000 90.9923 390.0000
405.0000 85.3451 405.0000
405.0000 79.0179 420.0000
405.0000 75.5870 435.0000
405.0000 69.1376 450.0000
405.0000 61.4654 465.0000
405.0000 55.8628 480.0000
405.0000 51.9151 495.0000
405.0000 47.8708 510.0000
405.0000 49.5924 525.0000
405.0000 50.2979 540.0000
405.0000 52.7409 555.0000
405.0000 53.7747 570.0000
405.0000 53.0199 585.0000
420.0000 129.6043 0.0000
420.0000 126.8411 15.0000
420.0000 126.9697 30.0000
420.0000 124.9017 45.0000
420.0000 122.1962 60.0000
420.0000 119.4234 75.0000
420.0000 117.0646 90.0000
420.0000 115.8229 105.0000
420.0000 115.4854 120.0000
420.0000 114.1164 135.0000
420.0000 114.2614 150.0000
420.0000 114.7216 165.0000
420.0000 114.4307 180.0000
420.0000 116.0296 195.0000
420.0000 112.7571 210.0000
420.0000 112.6054 225.0000
420.0000 111.6727 240.0000
420.0000 110.6003 255.0000
420.0000 108.2792 270.0000
420.0000 106.3566 285.0000
420.0000 104.6495 300.0000
420.0000 102.2610 315.0000
420.0000 101.0752 330.0000
420.0000 95.4358 345.0000
420.0000 89.6360 360.0000
420.0000 85.9017 375.0000
420.0000 81.2990 390.0000
420.0000 77.4772 405.0000
420.0000 76.5243 420.0000
420.0000 71.9909 435.0000
420.0000 64.4277 450.0000
420.0000 58.0300 465.0000
420.0000 51.7683 480.0000
420.0000 47.6958 495.0000
420.0000 49.9840 510.0000
420.0000 50.6639 525.0000
420.0000 49.9302 540.0000
420.0000 55.8486 555.0000
420.0000 53.2384 570.0000
420.0000 51.9052 585.0000
435.0000 125.5165 0.0000
435.0000 123.7571 15.0000
435.0000 121.7444 30.0000
435.0000 120.2422 45.0000
435.0000 115.8192 60.0000
435.0000 114.1944 75.0000
435.0000 112.4208 90.0000
435.0000 110.5675 105.0000
435.0000 109.9385 120.0000
435.0000 109.3102 135.0000
435.0000 110.0357 150.0000
435.0000 108.9707 165.0000
435.0000 109.8860 180.0000
435.0000 108.8004 195.0000
435.0000 109.1219 210.0000
435.0000 105.9785 225.0000
435.0000 107.5070 240.0000
435.0000 106.1575 255.0000
435.0000 106.0830 270.0000
435.0000 103.9773 285.0000
435.0000 99.4977 300.0000
435.0000 97.2112 315.0000
435.0000 95.5305 330.0000
435.0000 88.7172 345.0000
435.0000 83.3905 360.0000
435.0000 80.0046 375.0000
435.0000 76.8840 390.0000
435.0000 75.9335 405.0000
435.0000 74.2102 420.0000
435.0000 68.1087 435.0000
435.0000 61.7755 450.0000
435.0000 53.7321 465.0000
435.0000 49.7628 480.0000
435.0000 47.2079 495.0000
435.0000 49.1786 510.0000
435.0000 49.6108 525.0000
435.0000 48.4533 540.0000
435.0000 55.0182 555.0000
435.0000 56.1337 570.0000
435.0000 62.1524 585.0000
450.0000 119.1455 0.0000
450.0000 118.7670 15.0000
450.0000 116.7061 30.0000
450.0000 113.1023 45.0000
450.0000 112.2787 60.0000
450.0000 108.4102 75.0000
450.0000 106.7226 90.0000
450.0000 106.4106 105.0000
450.0000 106.4273 120.0000
450.0000 108.8277 135.0000
450.0000 105.6378 150.0000
450.0000 104.8702 165.0000
450.0000 104.5800 180.0000
450.0000 104.6733 195.0000
450.0000 102.5296 210.0000
450.0000 102.9343 225.0000
450.0000 102.6586 240.0000
450.0000 100.8115 255.0000
450.0000 97.7635 270.0000
450.0000 98.8638 285.0000
450.0000 96.7297 300.0000
450.0000 93.8072 315.0000
450.0000 88.8396 330.0000
450.0000 84.9428 345.0000
450.0000 80.6651 360.0000
450.0000 78.4838 375.0000
450.0000 74.0444 390.0000
450.0000 71.5470 405.0000
450.0000 67.6949 420.0000
450.0000 63.8885 435.0000
450.0000 59.3493 450.0000
450.0000 51.5782 465.0000
450.0000 47.2839 480.0000
450.0000 44.9522 495.0000
450.0000 46.5603 510.0000
450.0000 49.8474 525.0000
450.0000 59.4467 540.0000
450.0000 60.9217 555.0000
450.0000 65.0038 570.0000
450.0000 70.6049 585.0000
465.0000 114.8076 0.0000
465.0000 113.9099 15.0000
465.0000 108.9748 30.0000
465.0000 105.0082 45.0000
465.0000 105.3071 60.0000
465.0000 102.9725 75.0000
465.0000 104.6021 90.0000
465.0000 106.7779 105.0000
465.0000 105.9210 120.0000
465.0000 102.8630 135.0000
465.0000 100.8567 150.0000
465.0000 98.9796 165.0000
465.0000 98.9373 180.0000
465.0000 97.3063 195.0000
465.0000 93.8097 210.0000
465.0000 97.2124 225.0000
465.0000 96.8065 240.0000
465.0000 95.8409 255.0000
465.0000 94.1996 270.0000
465.0000 90.9812 285.0000
465.0000 88.1768 300.0000
465.0000 86.0082 315.0000
465.0000 83.9563 330.0000
465.0000 81.2537 345.0000
465.0000 78.6444 360.0000
465.0000 75.1222 375.0000
465.0000 72.6793 390.0000
465.0000 66.4188 405.0000
465.0000 62.1393 420.0000
465.0000 57.9735 435.0000
465.0000 56.0612 450.0000
465.0000 48.8861 465.0000
465.0000 44.7012 480.0000
465.0000 45.2387 495.0000
465.0000 45.8237 510.0000
465.0000 55.6825 525.0000
465.0000 56.5383 540.0000
465.0000 59.7650 555.0000
465.0000 66.3923 570.0000
465.0000 72.1738 585.0000
480.0000 107.5016 0.0000
480.0000 103.4299 15.0000
480.0000 103.0373 30.0000
480.0000 99.8900 45.0000
480.0000 100.2567 60.0000
480.0000 100.4322 75.0000
480.0000 100.8032 90.0000
480.0000 98.8941 105.0000
480.0000 99.0554 120.0000
480.0000 102.3211 135.0000
480.0000 96.6968 150.0000
480.0000 97.4498 165.0000
480.0000 93.0364 180.0000
480.0000 89.8688 195.0000
480.0000 88.3662 210.0000
480.0000 88.6837 225.0000
480.0000 88.3538 240.0000
480.0000 87.7520 255.0000
480.0000 85.4666 270.0000
480.0000 83.7886 285.0000
480.0000 83.6666 300.0000
480.0000 82.3387 315.0000
480.0000 81.2091 330.0000
480.0000 78.1038 345.0000
480.0000 76.0555 360.0000
480.0000 73.6089 375.0000
480.0000 69.2750 390.0000
480.0000 62.5205 405.0000
480.0000 56.9461 420.0000
480.0000 49.8285 435.0000
480.0000 46.7730 450.0000
480.0000 43.1691 465.0000
480.0000 43.0112 480.0000
480.0000 43.1895 495.0000
480.0000 47.6197 510.0000
480.0000 49.0172 525.0000
480.0000 55.3251 540.0000
480.0000 64.5577 555.0000
480.0000 73.7196 570.0000
480.0000 83.1576 585.0000
495.0000 104.0241 0.0000
495.0000 100.3133 15.0000
495.0000 99.7267 30.0000
495.0000 102.1613 45.0000
495.0000 101.0786 60.0000
495.0000 98.9488 75.0000
495.0000 97.1361 90.0000
495.0000 94.1096 105.0000
495.0000 94.3276 120.0000
495.0000 93.0655 135.0000
495.0000 90.8889 150.0000
495.0000 92.4179 165.0000
495.0000 89.0035 180.0000
495.0000 86.9528 195.0000
495.0000 84.3880 210.0000
495.0000 83.6189 225.0000
495.0000 82.7276 240.0000
495.0000 83.1185 255.0000
495.0000 81.1358 270.0000
495.0000 81.0081 285.0000
495.0000 79.9641 300.0000
495.0000 78.3360 315.0000
495.0000 76.3468 330.0000
495.0000 71.4940 345.0000
495.0000 69.2568 360.0000
495.0000 65.4782 375.0000
495.0000 61.5284 390.0000
495.0000 57.4861 405.0000
495.0000 51.2566 420.0000
495.0000 47.0653 435.0000
495.0000 46.1266 450.0000
495.0000 41.5912 465.0000
495.0000 41.6832 480.0000
495.0000 46.3392 495.0000
495.0000 50.4093 510.0000
495.0000 52.5516 525.0000
495.0000 59.5261 540.0000
495.0000 71.3882 555.0000
495.0000 78.2408 570.0000
495.0000 87.0872 585.0000
510.0000 99.6015 0.0000
510.0000 100.2860 15.0000
510.0000 101.9998 30.0000
510.0000 97.8748 45.0000
510.0000 96.4653 60.0000
510.0000 96.6570 75.0000
510.0000 93.0234 90.0000
510.0000 92.6375 105.0000
510.0000 91.3784 120.0000
510.0000 89.9877 135.0000
510.0000 89.3314 150.0000
510.0000 89.4450 165.0000
510.0000 86.9407 180.0000
510.0000 86.9239 195.0000
510.0000 80.4386 210.0000
510.0000 78.7404 225.0000
510.0000 78.3626 240.0000
510.0000 78.8889 255.0000
510.0000 77.6794 270.0000
510.0000 75.5640 285.0000
510.0000 76.1573 300.0000
510.0000 73.8198 315.0000
510.0000 71.5810 330.0000
510.0000 68.0509 345.0000
510.0000 63.7994 360.0000
510.0000 60.7902 375.0000
510.0000 56.7845 390.0000
510.0000 53.3451 405.0000
510.0000 47.7414 420.0000
510.0000 48.2864 435.0000
510.0000 43.0794 450.0000
510.0000 40.7723 465.0000
510.0000 41.6913 480.0000
510.0000 47.4988 495.0000
510.0000 52.4428 510.0000
510.0000 52.6950 525.0000
510.0000 66.8332 540.0000
510.0000 78.5035 555.0000
510.0000 86.2866 570.0000
510.0000 92.7529 585.0000
525.0000 95.5247 0.0000
525.0000 95.8856 15.0000
525.0000 93.6844 30.0000
525.0000 91.1010 45.0000
525.0000 91.5415 60.0000
525.0000 91.7050 75.0000
525.0000 91.6306 90.0000
525.0000 89.7855 105.0000
525.0000 91.5590 120.0000
525.0000 89.5885 135.0000
525.0000 87.8663 150.0000
525.0000 86.5443 165.0000
525.0000 84.0022 180.0000
525.0000 79.3951 195.0000
525.0000 75.6148 210.0000
525.0000 75.5321 225.0000
525.0000 74.4470 240.0000
525.0000 75.0387 255.0000
525.0000 74.7164 270.0000
525.0000 73.6661 285.0000
525.0000 69.6884 300.0000
525.0000 65.5067 315.0000
525.0000 62.9082 330.0000
525.0000 61.5169 345.0000
525.0000 59.7659 360.0000
525.0000 56.4793 375.0000
525.0000 53.9370 390.0000
525.0000 50.1898 405.0000
525.0000 45.8507 420.0000
525.0000 45.8889 435.0000
525.0000 42.4154 450.0000
525.0000 39.2375 465.0000
525.0000 37.9130 480.0000
525.0000 46.0260 495.0000
525.0000 53.2463 510.0000
525.0000 59.9970 525.0000
525.0000 70.5548 540.0000
525.0000 80.4744 555.0000
525.0000 87.5288 570.0000
525.0000 92.0679 585.0000
540.0000 91.3993 0.0000
540.0000 88.8872 15.0000
540.0000 86.6086 30.0000
540.0000 82.3973 45.0000
540.0000 79.3273 60.0000
540.0000 81.8331 75.0000
540.0000 85.2931 90.0000
540.0000 83.3662 105.0000
540.0000 84.8068 120.0000
540.0000 83.8082 135.0000
540.0000 83.8348 150.0000
540.0000 80.7067 165.0000
540.0000 78.0970 180.0000
540.0000 76.5485 195.0000
540.0000 73.6813 210.0000
540.0000 73.8489 225.0000
540.0000 72.4186 240.0000
540.0000 71.9969 255.0000
540.0000 69.5813 270.0000
540.0000 66.1629 285.0000
540.0000 63.0041 300.0000
540.0000 60.8900 315.0000
540.0000 60.5188 330.0000
540.0000 59.5793 345.0000
540.0000 57.6071 360.0000
540.0000 54.8817 375.0000
540.0000 51.0857 390.0000
540.0000 46.0478 405.0000
540.0000 46.4308 420.0000
540.0000 45.0075 435.0000
540.0000 40.2316 450.0000
540.0000 36.1341 465.0000
540.0000 44.4667 480.0000
540.0000 50.1167 495.0000
540.0000 55.6202 510.0000
540.0000 63.3700 525.0000
540.0000 76.9570 540.0000
540.0000 83.0737 555.0000
540.0000 88.6037 570.0000
540.0000 87.9502 585.0000
555.0000 82.0529 0.0000
555.0000 80.1251 15.0000
555.0000 79.5925 30.0000
555.0000 78.8696 45.0000
555.0000 77.8385 60.0000
555.0000 79.7460 75.0000
555.0000 77.1771 90.0000
555.0000 76.3143 105.0000
555.0000 76.0151 120.0000
555.0000 77.1651 135.0000
555.0000 75.4822 150.0000
555.0000 74.9400 165.0000
555.0000 75.7594 180.0000
555.0000 75.1593 195.0000
555.0000 71.5290 210.0000
555.0000 69.1556 225.0000
555.0000 67.7345 240.0000
555.0000 65.8705 255.0000
555.0000 63.4287 270.0000
555.0000 61.8376 285.0000
555.0000 60.6152 300.0000
555.0000 59.3139 315.0000
555.0000 57.9765 330.0000
555.0000 57.4666 345.0000
555.0000 54.6418 360.0000
555.0000 52.6310 375.0000
555.0000 50.4451 390.0000
555.0000 47.7742 405.0000
555.0000 44.5247 420.0000
555.0000 42.5421 435.0000
555.0000 38.1257 450.0000
555.0000 34.7337 465.0000
555.0000 46.0893 480.0000
555.0000 51.2425 495.0000
555.0000 57.2331 510.0000
555.0000 69.7901 525.0000
555.0000 77.3105 540.0000
555.0000 81.6541 555.0000
555.0000 84.8791 570.0000
555.0000 89.5841 585.0000
570.0000 77.0801 0.0000
570.0000 80.0809 15.0000
570.0000 79.3006 30.0000
570.0000 75.4633 45.0000
570.0000 77.4461 60.0000
570.0000 77.3991 75.0000
570.0000 75.6981 90.0000
570.0000 75.0952 105.0000
570.0000 72.8927 120.0000
570.0000 73.7993 135.0000
570.0000 71.6687 150.0000
570.0000 70.8005 165.0000
570.0000 71.0808 180.0000
570.0000 69.3719 195.0000
570.0000 65.5636 210.0000
570.0000 63.3985 225.0000
570.0000 62.2331 240.0000
570.0000 61.4585 255.0000
570.0000 60.9409 270.0000
570.0000 59.9399 285.0000
570.0000 58.5868 300.0000
570.0000 55.6007 315.0000
570.0000 55.0637 330.0000
570.0000 54.1959 345.0000
570.0000 52.8613 360.0000
570.0000 50.8583 375.0000
570.0000 46.6291 390.0000
570.0000 47.2982 405.0000
570.0000 44.1703 420.0000
570.0000 39.8531 435.0000
570.0000 38.3507 450.0000
570.0000 36.2930 465.0000
570.0000 48.4407 480.0000
570.0000 51.7902 495.0000
570.0000 62.5601 510.0000
570.0000 72.9169 525.0000
570.0000 76.5915 540.0000
570.0000 80.6014 555.0000
570.0000 82.7792 570.0000
570.0000 88.7655 585.0000
585.0000 72.4584 0.0000
585.0000 72.7083 15.0000
585.0000 72.2537 30.0000
585.0000 68.5670 45.0000
585.0000 69.2187 60.0000
585.0000 71.1062 75.0000
585.0000 70.5959 90.0000
585.0000 70.4808 105.0000
585.0000 70.3585 120.0000
585.0000 69.7335 135.0000
585.0000 68.0233 150.0000
585.0000 67.8499 165.0000
585.0000 68.5979 180.0000
585.0000 66.4112 195.0000
585.0000 62.9425 210.0000
585.0000 61.3807 225.0000
585.0000 59.4253 240.0000
585.0000 59.0967 255.0000
585.0000 58.7006 270.0000
585.0000 57.4963 285.0000
585.0000 57.2002 300.0000
585.0000 55.4243 315.0000
585.0000 56.1725 330.0000
585.0000 52.8245 345.0000
585.0000 48.9164 360.0000
585.0000 48.3836 375.0000
585.0000 46.1783 390.0000
585.0000 44.9289 405.0000
585.0000 40.5910 420.0000
585.0000 38.2352 435.0000
585.0000 36.1809 450.0000
585.0000 41.4577 465.0000
585.0000 50.5423 480.0000
585.0000 57.1376 495.0000
585.0000 68.0326 510.0000
585.0000 74.2973 525.0000
585.0000 76.4668 540.0000
585.0000 77.3427 555.0000
585.0000 80.4303 570.0000
585.0000 85.8763 585.0000
600.0000 67.2324 0.0000
600.0000 67.4476 15.0000
600.0000 68.5585 30.0000
600.0000 68.1086 45.0000
600.0000 69.0155 60.0000
600.0000 69.7107 75.0000
600.0000 69.2017 90.0000
600.0000 67.1706 105.0000
600.0000 65.7466 120.0000
600.0000 66.3650 135.0000
600.0000 65.6398 150.0000
600.0000 64.0263 165.0000
600.0000 63.1557 180.0000
600.0000 62.7881 195.0000
600.0000 59.5472 210.0000
600.0000 60.3560 225.0000
600.0000 58.3233 240.0000
600.0000 57.5822 255.0000
600.0000 55.0507 270.0000
600.0000 54.6753 285.0000
600.0000 56.0346 300.0000
600.0000 51.2524 315.0000
600.0000 50.3612 330.0000
600.0000 48.0115 345.0000
600.0000 47.4665 360.0000
600.0000 46.7130 375.0000
600.0000 46.1008 390.0000
600.0000 43.4715 405.0000
600.0000 38.2593 420.0000
600.0000 37.5102 435.0000
600.0000 42.0214 450.0000
600.0000 45.8841 465.0000
600.0000 50.1993 480.0000
600.0000 60.5464 495.0000
600.0000 65.3994 510.0000
600.0000 74.4098 525.0000
600.0000 75.8452 540.0000
600.0000 74.9808 555.0000
600.0000 79.0430 570.0000
600.0000 83.8020 585.0000
615.0000 63.5299 0.0000
615.0000 65.9169 15.0000
615.0000 65.5797 30.0000
615.0000 67.7025 45.0000
615.0000 67.8268 60.0000
615.0000 66.6854 75.0000
615.0000 67.1885 90.0000
615.0000 65.2282 105.0000
615.0000 62.5156 120.0000
615.0000 60.6138 135.0000
615.0000 60.9661 150.0000
615.0000 60.7622 165.0000
615.0000 58.9611 180.0000
615.0000 61.2909 195.0000
615.0000 58.8275 210.0000
615.0000 57.6962 225.0000
615.0000 57.3475 240.0000
615.0000 53.4149 255.0000
615.0000 51.7724 270.0000
615.0000 50.2756 285.0000
615.0000 49.9479 300.0000
615.0000 49.5585 315.0000
615.0000 49.6758 330.0000
615.0000 47.6430 345.0000
615.0000 46.5121 360.0000
615.0000 48.1588 375.0000
615.0000 45.0766 390.0000
615.0000 37.5752 405.0000
615.0000 33.8638 420.0000
615.0000 37.9622 435.0000
615.0000 41.7398 450.0000
615.0000 45.9829 465.0000
615.0000 50.6667 480.0000
615.0000 62.1972 495.0000
615.0000 65.8833 510.0000
615.0000 67.7404 525.0000
615.0000 69.7607 540.0000
615.0000 71.0265 555.0000
615.0000 72.9223 570.0000
615.0000 77.1417 585.0000
630.0000 59.0606 0.0000
630.0000 60.6030 15.0000
630.0000 61.2200 30.0000
630.0000 61.3009 45.0000
630.0000 61.8047 60.0000
630.0000 62.8509 75.0000
630.0000 62.1459 90.0000
630.0000 60.0571 105.0000
630.0000 59.3391 120.0000
630.0000 57.4015 135.0000
630.0000 56.7255 150.0000
630.0000 57.1635 165.0000
630.0000 54.8273 180.0000
630.0000 53.1423 195.0000
630.0000 53.9731 210.0000
630.0000 55.2709 225.0000
630.0000 51.7714 240.0000
630.0000 50.5261 255.0000
630.0000 49.3236 270.0000
630.0000 48.3665 285.0000
630.0000 48.0038 300.0000
630.0000 46.2720 315.0000
630.0000 45.6520 330.0000
630.0000 47.1064 345.0000
630.0000 48.2768 360.0000
630.0000 44.2195 375.0000
630.0000 40.6272 390.0000
630.0000 36.1602 405.0000
630.0000 36.5789 420.0000
630.0000 38.4405 435.0000
630.0000 42.5905 450.0000
630.0000 46.2823 465.0000
630.0000 56.5232 480.0000
630.0000 62.2965 495.0000
630.0000 64.0748 510.0000
630.0000 65.9392 525.0000
630.0000 66.9204 540.0000
630.0000 69.1294 555.0000
630.0000 69.2593 570.0000
630.0000 71.7615 585.0000
645.0000 54.3221 0.0000
645.0000 56.7237 15.0000
645.0000 57.3729 30.0000
645.0000 57.4142 45.0000
645.0000 59.4889 60.0000
645.0000 58.4665 75.0000
645.0000 59.8606 90.0000
645.0000 57.5313 105.0000
645.0000 55.3626 120.0000
645.0000 53.7496 135.0000
645.0000 52.5925 150.0000
645.0000 51.1875 165.0000
645.0000 51.5687 180.0000
645.0000 51.5479 195.0000
645.0000 51.8046 210.0000
645.0000 51.6669 225.0000
645.0000 49.5263 240.0000
645.0000 47.6263 255.0000
645.0000 47.5436 270.0000
645.0000 46.5182 285.0000
645.0000 45.2398 300.0000
645.0000 44.2815 315.0000
645.0000 48.2017 330.0000
645.0000 43.3556 345.0000
645.0000 42.7190 360.0000
645.0000 42.5556 375.0000
645.0000 34.3572 390.0000
645.0000 34.3452 405.0000
645.0000 36.4344 420.0000
645.0000 40.1288 435.0000
645.0000 42.2896 450.0000
645.0000 53.3970 465.0000
645.0000 58.7715 480.0000
645.0000 60.2423 495.0000
645.0000 61.5007 510.0000
645.0000 61.1434 525.0000
645.0000 61.5584 540.0000
645.0000 65.9267 555.0000
645.0000 67.2147 570.0000
645.0000 67.4907 585.0000
660.0000 51.7184 0.0000
660.0000 51.1986 15.0000
660.0000 53.6345 30.0000
660.0000 54.1587 45.0000
660.0000 55.1107 60.0000
660.0000 55.6091 75.0000
660.0000 55.0965 90.0000
660.0000 54.0491 105.0000
660.0000 52.4322 120.0000
660.0000 52.1829 135.0000
660.0000 49.1907 150.0000
660.0000 48.2440 165.0000
660.0000 47.2277 180.0000
660.0000 48.2004 195.0000
660.0000 49.3965 210.0000
660.0000 47.5339 225.0000
660.0000 47.6124 240.0000
660.0000 46.7558 255.0000
660.0000 44.0787 270.0000
660.0000 43.2478 285.0000
660.0000 46.0031 300.0000
660.0000 44.7811 315.0000
660.0000 38.8208 330.0000
660.0000 36.5806 345.0000
660.0000 39.6583 360.0000
660.0000 38.5210 375.0000
660.0000 33.1401 390.0000
660.0000 33.2908 405.0000
660.0000 34.1744 420.0000
660.0000 41.7153 435.0000
660.0000 49.7688 450.0000
660.0000 52.3381 465.0000
660.0000 55.9290 480.0000
660.0000 59.0291 495.0000
660.0000 59.4646 510.0000
660.0000 56.7728 525.0000
660.0000 57.8521 540.0000
660.0000 60.1651 555.0000
660.0000 61.8413 570.0000
660.0000 61.5759 585.0000
675.0000 48.5474 0.0000
675.0000 47.7920 15.0000
675.0000 47.0306 30.0000
675.0000 49.8674 45.0000
675.0000 49.2990 60.0000
675.0000 50.0442 75.0000
675.0000 50.2133 90.0000
675.0000 50.5827 105.0000
675.0000 48.2055 120.0000
675.0000 48.1064 135.0000
675.0000 46.1857 150.0000
675.0000 44.4570 165.0000
675.0000 42.7550 180.0000
675.0000 43.4476 195.0000
675.0000 43.1099 210.0000
675.0000 44.2296 225.0000
675.0000 43.5354 240.0000
675.0000 40.1109 255.0000
675.0000 39.9527 270.0000
675.0000 39.7144 285.0000
675.0000 41.2620 300.0000
675.0000 39.0952 315.0000
675.0000 37.2455 330.0000
675.0000 35.9736 345.0000
675.0000 40.0569 360.0000
675.0000 35.3126 375.0000
675.0000 32.0500 390.0000
675.0000 31.0011 405.0000
675.0000 32.4321 420.0000
675.0000 42.7046 435.0000
675.0000 46.5609 450.0000
675.0000 49.8428 465.0000
675.0000 52.7231 480.0000
675.0000 52.7439 495.0000
675.0000 54.8068 510.0000
675.0000 54.7838 525.0000
675.0000 52.9150 540.0000
675.0000 53.5740 555.0000
675.0000 56.1839 570.0000
675.0000 56.6611 585.0000
690.0000 43.9724 0.0000
690.0000 46.0907 15.0000
690.0000 42.9613 30.0000
690.0000 44.6476 45.0000
690.0000 44.3145 60.0000
690.0000 44.6414 75.0000
690.0000 45.8248 90.0000
690.0000 45.1378 105.0000
690.0000 42.0528 120.0000
690.0000 40.8479 135.0000
690.0000 40.5065 150.0000
690.0000 40.2999 165.0000
690.0000 40.1303 180.0000
690.0000 40.8446 195.0000
690.0000 38.1182 210.0000
690.0000 40.2107 225.0000
690.0000 39.6825 240.0000
690.0000 35.1828 255.0000
690.0000 32.7560 270.0000
690.0000 33.3226 285.0000
690.0000 35.0416 300.0000
690.0000 37.2357 315.0000
690.0000 39.9196 330.0000
690.0000 37.8789 345.0000
690.0000 36.1603 360.0000
690.0000 32.1443 375.0000
690.0000 29.7022 390.0000
690.0000 28.4314 405.0000
690.0000 25.4079 420.0000
690.0000 30.9442 435.0000
690.0000 39.1588 450.0000
690.0000 45.7908 465.0000
690.0000 47.9463 480.0000
690.0000 46.7172 495.0000
690.0000 49.1355 510.0000
690.0000 49.7800 525.0000
690.0000 50.3594 540.0000
690.0000 47.1207 555.0000
690.0000 49.8998 570.0000
690.0000 51.3719 585.0000
705.0000 34.3674 0.0000
705.0000 37.5265 15.0000
705.0000 37.1648 30.0000
705.0000 37.7117 45.0000
705.0000 38.5738 60.0000
705.0000 40.1571 75.0000
705.0000 41.6177 90.0000
705.0000 38.1490 105.0000
705.0000 35.6482 120.0000
705.0000 36.7155 135.0000
705.0000 36.0368 150.0000
705.0000 36.3498 165.0000
705.0000 35.1817 180.0000
705.0000 35.3511 195.0000
705.0000 34.4680 210.0000
705.0000 34.3091 225.0000
705.0000 38.1118 240.0000
705.0000 38.0941 255.0000
705.0000 35.6397 270.0000
705.0000 34.7376 285.0000
705.0000 36.7788 300.0000
705.0000 35.6809 315.0000
705.0000 34.9032 330.0000
705.0000 35.6360 345.0000
705.0000 33.1221 360.0000
705.0000 29.0690 375.0000
705.0000 25.9598 390.0000
705.0000 24.0464 405.0000
705.0000 22.8404 420.0000
705.0000 22.8526 435.0000
705.0000 30.5655 450.0000
705.0000 39.5114 465.0000
705.0000 44.8772 480.0000
705.0000 44.2487 495.0000
705.0000 45.8198 510.0000
705.0000 46.5975 525.0000
705.0000 47.2312 540.0000
705.0000 43.9975 555.0000
705.0000 44.3608 570.0000
705.0000 45.7331 585.0000
720.0000 32.2896 0.0000
720.0000 30.6589 15.0000
720.0000 32.3111 30.0000
720.0000 32.7833 45.0000
720.0000 35.1219 60.0000
720.0000 35.4584 75.0000
720.0000 35.3731 90.0000
720.0000 36.1742 105.0000
720.0000 36.4136 120.0000
720.0000 35.0997 135.0000
720.0000 31.9420 150.0000
720.0000 32.7255 165.0000
720.0000 33.3026 180.0000
720.0000 32.0568 195.0000
720.0000 35.1544 210.0000
720.0000 38.0403 225.0000
720.0000 37.1268 240.0000
720.0000 36.1712 255.0000
720.0000 34.3088 270.0000
720.0000 32.7318 285.0000
720.0000 35.8428 300.0000
720.0000 35.4829 315.0000
720.0000 34.0280 330.0000
720.0000 31.9506 345.0000
720.0000 28.8183 360.0000
720.0000 26.9798 375.0000
720.0000 23.5080 390.0000
720.0000 23.4448 405.0000
720.0000 23.1830 420.0000
720.0000 18.7074 435.0000
720.0000 26.5437 450.0000
720.0000 36.4636 465.0000
720.0000 42.7105 480.0000
720.0000 44.0492 495.0000
720.0000 43.0995 510.0000
720.0000 43.6066 525.0000
720.0000 41.7210 540.0000
720.0000 41.8104 555.0000
720.0000 43.6274 570.0000
720.0000 44.3598 585.0000
735.0000 23.4404 0.0000
735.0000 25.0422 15.0000
735.0000 26.1210 30.0000
735.0000 28.4702 45.0000
735.0000 29.6714 60.0000
735.0000 29.9926 75.0000
735.0000 32.3897 90.0000
735.0000 32.6083 105.0000
735.0000 30.3726 120.0000
735.0000 31.2031 135.0000
735.0000 29.2769 150.0000
735.0000 30.6870 165.0000
735.0000 31.2751 180.0000
735.0000 31.1963 195.0000
735.0000 32.2227 210.0000
735.0000 31.9405 225.0000
735.0000 30.2370 240.0000
735.0000 31.7640 255.0000
735.0000 31.1449 270.0000
735.0000 30.7253 285.0000
735.0000 34.2311 300.0000
735.0000 36.2047 315.0000
735.0000 33.6656 330.0000
735.0000 31.3521 345.0000
735.0000 27.6234 360.0000
735.0000 24.2341 375.0000
735.0000 20.8598 390.0000
735.0000 20.8998 405.0000
735.0000 18.3437 420.0000
735.0000 21.1304 435.0000
735.0000 25.3156 450.0000
735.0000 34.5752 465.0000
735.0000 35.1856 480.0000
735.0000 38.3272 495.0000
735.0000 37.2017 510.0000
735.0000 35.9815 525.0000
735.0000 39.0056 540.0000
735.0000 37.3084 555.0000
735.0000 38.7536 570.0000
735.0000 39.6133 585.0000
750.0000 17.5299 0.0000
750.0000 21.6386 15.0000
750.0000 22.3713 30.0000
750.0000 23.9761 45.0000
750.0000 23.4460 60.0000
750.0000 25.1302 75.0000
750.0000 26.4607 90.0000
750.0000 25.0633 105.0000
750.0000 27.9330 120.0000
750.0000 28.9085 135.0000
750.0000 28.5596 150.0000
750.0000 28.5755 165.0000
750.0000 29.6162 180.0000
750.0000 30.3770 195.0000
750.0000 30.3653 210.0000
750.0000 31.4413 225.0000
750.0000 31.8727 240.0000
750.0000 31.3024 255.0000
750.0000 31.4367 270.0000
750.0000 30.7380 285.0000
750.0000 33.5610 300.0000
750.0000 33.3169 315.0000
750.0000 29.3270 330.0000
750.0000 30.1420 345.0000
750.0000 26.6607 360.0000
750.0000 19.1324 375.0000
750.0000 18.0464 390.0000
750.0000 21.0498 405.0000
750.0000 12.1666 420.0000
750.0000 17.3313 435.0000
750.0000 25.1642 450.0000
750.0000 31.9100 465.0000
750.0000 33.5652 480.0000
750.0000 34.8479 495.0000
750.0000 34.5727 510.0000
750.0000 35.4876 525.0000
750.0000 34.5574 540.0000
750.0000 37.5375 555.0000
750.0000 38.7928 570.0000
750.0000 37.6067 585.0000
765.0000 18.3636 0.0000
765.0000 16.4691 15.0000
765.0000 16.0309 30.0000
765.0000 17.2210 45.0000
765.0000 18.6315 60.0000
765.0000 14.4223 75.0000
765.0000 18.8312 90.0000
765.0000 23.3433 105.0000
765.0000 24.1615 120.0000
765.0000 24.8782 135.0000
765.0000 27.7514 150.0000
765.0000 29.2162 165.0000
765.0000 29.1665 180.0000
765.0000 30.0889 195.0000
765.0000 32.4138 210.0000
765.0000 30.9960 225.0000
765.0000 29.9664 240.0000
765.0000 30.1202 255.0000
765.0000 28.7496 270.0000
765.0000 26.6220 285.0000
765.0000 29.9440 300.0000
765.0000 28.2505 315.0000
765.0000 27.4880 330.0000
765.0000 24.0256 345.0000
765.0000 18.2430 360.0000
765.0000 16.3953 375.0000
765.0000 18.3897 390.0000
765.0000 12.9364 405.0000
765.0000 7.6805 420.0000
765.0000 17.1549 435.0000
765.0000 26.1510 450.0000
765.0000 28.4526 465.0000
765.0000 30.9899 480.0000
765.0000 31.2552 495.0000
765.0000 32.6263 510.0000
765.0000 32.8654 525.0000
765.0000 32.8067 540.0000
765.0000 32.5219 555.0000
765.0000 33.5001 570.0000
765.0000 34.6298 585.0000
780.0000 14.1325 0.0000
780.0000 15.2975 15.0000
780.0000 11.9134 30.0000
780.0000 10.5125 45.0000
780.0000 12.4427 60.0000
780.0000 13.2474 75.0000
780.0000 15.5290 90.0000
780.0000 19.9618 105.0000
780.0000 21.4739 120.0000
780.0000 25.5773 135.0000
780.0000 28.1067 150.0000
780.0000 27.7613 165.0000
780.0000 29.0060 180.0000
780.0000 30.7631 195.0000
780.0000 31.0488 210.0000
780.0000 29.4360 225.0000
780.0000 27.7904 240.0000
780.0000 26.5150 255.0000
780.0000 25.3679 270.0000
780.0000 25.8623 285.0000
780.0000 26.5857 300.0000
780.0000 21.7863 315.0000
780.0000 18.7826 330.0000
780.0000 15.1929 345.0000
780.0000 13.6549 360.0000
780.0000 11.5004 375.0000
780.0000 8.9138 390.0000
780.0000 7.8903 405.0000
780.0000 9.1594 420.0000
780.0000 18.3403 435.0000
780.0000 25.6227 450.0000
780.0000 26.8402 465.0000
780.0000 26.8070 480.0000
780.0000 26.9563 495.0000
780.0000 26.7949 510.0000
780.0000 27.4106 525.0000
780.0000 27.1258 540.0000
780.0000 28.3748 555.0000
780.0000 29.0284 570.0000
780.0000 29.6191 585.0000
795.0000 13.2644 0.0000
795.0000 12.2898 15.0000
795.0000 8.0222 30.0000
795.0000 13.9065 45.0000
795.0000 13.0218 60.0000
795.0000 11.9017 75.0000
795.0000 13.7705 90.0000
795.0000 18.4821 105.0000
795.0000 23.3424 120.0000
795.0000 25.7464 135.0000
795.0000 28.6545 150.0000
795.0000 27.7065 165.0000
795.0000 27.2264 180.0000
795.0000 29.4460 195.0000
795.0000 29.0526 210.0000
795.0000 26.5902 225.0000
795.0000 25.9137 240.0000
795.0000 26.7303 255.0000
795.0000 21.4047 270.0000
795.0000 23.0240 285.0000
795.0000 20.5135 300.0000
795.0000 16.9210 315.0000
795.0000 14.1497 330.0000
795.0000 13.2348 345.0000
795.0000 11.3458 360.0000
795.0000 3.3650 375.0000
795.0000 4.5845 390.0000
795.0000 4.8484 405.0000
795.0000 19.1508 420.0000
795.0000 21.9674 435.0000
795.0000 23.3480 450.0000
795.0000 28.3751 465.0000
795.0000 26.8203 480.0000
795.0000 25.4585 495.0000
795.0000 23.0944 510.0000
795.0000 23.4258 525.0000
795.0000 24.7182 540.0000
795.0000 26.7896 555.0000
795.0000 26.1231 570.0000
795.0000 29.7335 585.0000
